all other tissues: 4.558893163657887
brain: 64.85306122448979
kidneys: 920.6120622568094
largeintestine: 10.48460966542751
leftheart: 157.57532467532468
liver: 68.2213764337852
muscle: 8.509731876861967
pancreas: 13.548705722070846
pulmonary: 290
#increased due to disbalancee in max lenght for sides
right heart: 325.48917197452226
small intestine: 78.72172043010752
spleen: 8.861908931698775
stomach and esophagus: 17.181643499591168
thyroid: 233.37959183673468
